12102033027-20218228268-1013.1415921.57081.57082415.5277
STATISTICS _____________________________
   #Instructions:129
    (move-ops mem:37, reglit:37)
    ( int-ops mem:24, reglit:5)
    (  fp-ops mem:15, reglit:11)
   Memory Usage (mem:76,reg:143)
      register-use[2,2,2,2,3,3,2,3,3,2,3,3,3,3,3,3,3,3,3,2,3,3,2,3,2,2,3,2,2,2,2,3,3,3,3,3,3,3,3,2,3,3,2,3,3,2,3,3,2,3,3,2,3,3,0,0,0,0,0,0,0,0,0,0,0,0,0,0,0,0,0,0,0,0,0,0,0,0,0,0,0,0,0,0,0,0,0,0,0,0,0,0,0,0,0,0,0,0,0,0,0,0,0,0,0,0,0,0,0,0,0,0,0,0,0,0,0,0,0,0,0,0,0,0,0,0,0,0,0,0,0,0,0,0,0,0,0,0,0,0,0,0,0,0,0,0,0,0,0,0,0,0,0,0,0,0,0,0,0,0,0,0,0,0,0,0,0,0,0,0,0,0,0,0,0,0,0,0,0,0,0,0,0,0,0,0,0,0,0,0,0,0,0,0,0,0,0,0,0,0]
   Total Cycles = 311
OTHER STATSvvvvvvvvvvvvvvvvvvvvvvvvvvvvvvvvvvvvvvvv
    (int-ops:17, fp-ops:26)
    (branches:0)
      peephole-ops:0
